<?xml version="1.0" encoding="UTF-8" standalone="no"?>
<!DOCTYPE svg PUBLIC "-//W3C//DTD SVG 20010904//EN"
              "http://www.w3.org/TR/2001/REC-SVG-20010904/DTD/svg10.dtd">

<svg xmlns="http://www.w3.org/2000/svg"
     width="5.55556in" height="5.55556in"
     viewBox="0 0 400 400">
  <path id="Vaciar la ruta copia copia copia#1"
        fill="none" stroke="black" stroke-width="1"
        d="M 200.46,198.63
           C 214.33,194.33 288.16,206.08 330.50,172.50
             363.00,146.50 372.50,83.00 336.50,53.00
             300.50,30.50 232.00,31.50 219.00,56.00
             195.50,95.50 200.03,198.92 200.22,198.22M 198.06,198.12
           C 198.62,197.55 110.67,203.33 68.17,169.83
             35.67,143.83 27.50,83.00 63.50,53.00
             99.50,30.50 168.00,31.50 181.00,56.00
             204.50,95.50 200.30,198.65 200.30,198.65M 199.97,198.63
           C 199.97,198.78 112.00,194.00 69.50,227.50
             37.00,253.50 27.50,317.00 63.50,347.00
             99.50,369.50 168.00,368.50 181.00,344.00
             204.50,304.50 200.33,198.83 200.33,198.83
             200.33,198.83 200.59,198.34 200.17,198.26
             200.17,198.26 195.50,304.50 219.00,344.00
             232.00,368.50 300.50,369.50 336.50,347.00
             372.50,317.00 363.00,253.50 330.50,227.50
             287.98,194.00 192.33,197.00 200.47,199.21" />
</svg>
